[top-bg.jpg]
filters=Soften=1,94.152046,11.695907;
moddate=57a9562eded5cf01
width=1406
height=770
textactive=0
